0 0 0 50bc
0 0 0 50c0
0 0 0 50c4
0 0 0 50c8
0 0 0 50cc
0 0 0 50d0
0 0 0 50d4
0 0 0 50d8
0 0 0 50dc
0 0 0 50e0
0 0 0 50e4
0 0 0 50e8
0 0 0 50ec
0 0 0 50f0
0 0 0 50f4
0 0 0 50f8
0 0 0 50fc
0 0 0 5100
0 0 1 5105
0 0 1 5109
0 0 1 510d
0 0 1 5111
0 0 1 5115
0 0 1 5119
0 0 1 511d
0 0 1 5121
0 0 1 5125
0 0 1 5129
0 0 1 512d
0 0 1 5131
0 0 1 5135
0 0 1 5139
0 0 1 513d
0 0 1 5141
0 0 1 5145
0 0 1 5149
0 0 2 514e
0 0 3 5153
0 0 5 5159
0 0 7 515f
0 1 0 522a
0 1 0 522e
0 1 0 5232
0 1 0 5236
0 1 0 523a
0 1 0 523e
0 1 0 5242
0 1 0 5246
0 1 0 524a
0 1 0 524e
0 1 0 5252
0 1 0 5256
0 1 0 525a
0 1 1 525f
0 1 1 5263
0 1 1 5267
0 1 1 526b
0 1 1 526f
0 1 1 5273
0 1 1 5277
0 1 1 527b
0 1 1 527f
0 1 1 5283
0 1 1 5287
0 1 1 528b
0 1 1 528f
0 1 1 5293
0 1 1 5297
0 1 1 529b
0 1 1 529f
0 1 3 52a5
0 1 4 52aa
0 1 4 52ae
0 1 6 52b4
0 1 7 52b9
0 1 10 52c0
0 2 0 517c
0 2 0 5180
0 2 0 5184
0 2 0 5188
0 2 0 518c
0 2 0 5190
0 2 0 5194
0 2 0 5198
0 2 0 519c
0 2 0 51a0
0 2 0 51a4
0 2 0 51a8
0 2 0 51ac
0 2 1 51b1
0 2 1 51b5
0 2 1 51b9
0 2 1 51bd
0 2 1 51c1
0 2 1 51c5
0 2 1 51c9
0 2 1 51cd
0 2 1 51d1
0 2 2 51d6
0 2 2 51da
0 2 2 51de
0 2 2 51e2
0 2 2 51e6
0 2 2 51ea
0 2 3 51ef
0 2 4 51f4
0 2 5 51f9
0 2 7 51ff
0 2 8 5204
0 2 9 5209
0 2 11 520f
0 3 0 5105
0 3 0 5109
0 3 0 510d
0 3 0 5111
0 3 0 5115
0 3 0 5119
0 3 0 511d
0 3 0 5121
0 3 0 5125
0 3 0 5129
0 3 0 512d
0 3 0 5131
0 3 0 5135
0 3 0 5139
0 3 0 513d
0 3 0 5141
0 3 0 5145
0 3 0 5149
0 3 1 514e
0 3 2 5153
0 3 4 5159
0 3 6 515f
0 4 0 525f
0 4 0 5263
0 4 0 5267
0 4 0 526b
0 4 0 526f
0 4 0 5273
0 4 0 5277
0 4 0 527b
0 4 0 527f
0 4 0 5283
0 4 0 5287
0 4 0 528b
0 4 0 528f
0 4 0 5293
0 4 0 5297
0 4 0 529b
0 4 0 529f
0 4 2 52a5
0 4 3 52aa
0 4 3 52ae
0 4 5 52b4
0 4 6 52b9
0 4 9 52c0
0 5 0 51b1
0 5 0 51b5
0 5 0 51b9
0 5 0 51bd
0 5 0 51c1
0 5 0 51c5
0 5 0 51c9
0 5 0 51cd
0 5 0 51d1
0 5 1 51d6
0 5 1 51da
0 5 1 51de
0 5 1 51e2
0 5 1 51e6
0 5 1 51ea
0 5 2 51ef
0 5 3 51f4
0 5 4 51f9
0 5 6 51ff
0 5 7 5204
0 5 8 5209
0 5 10 520f
0 6 0 51d6
0 6 0 51da
0 6 0 51de
0 6 0 51e2
0 6 0 51e6
0 6 0 51ea
0 6 1 51ef
0 6 2 51f4
0 6 3 51f9
0 6 5 51ff
0 6 6 5204
0 6 7 5209
0 6 9 520f
0 7 0 4eed
0 8 0 514e
0 8 1 5153
0 8 3 5159
0 8 5 515f
0 9 0 5153
0 9 2 5159
0 9 4 515f
0 10 1 52a5
0 10 2 52aa
0 10 2 52ae
0 10 4 52b4
0 10 5 52b9
0 10 8 52c0
0 11 0 52aa
0 11 0 52ae
0 11 2 52b4
0 11 3 52b9
0 11 6 52c0
0 12 0 51ef
0 12 1 51f4
0 12 2 51f9
0 12 4 51ff
0 12 5 5204
0 12 6 5209
0 12 8 520f
0 13 0 51f4
0 13 1 51f9
0 13 3 51ff
0 13 4 5204
0 13 5 5209
0 13 7 520f
0 14 1 51ff
0 14 2 5204
0 14 3 5209
0 14 5 520f
0 15 1 5159
0 15 3 515f
0 16 1 515f
0 17 1 52b4
0 17 2 52b9
0 17 5 52c0
0 18 0 52b9
0 18 3 52c0
0 19 2 52c0
0 20 0 5204
0 20 1 5209
0 20 3 520f
0 21 0 5209
0 21 2 520f
0 22 1 520f
0 23 0 520f
1 6 0 5a18
1 6 0 5a1c
1 6 0 5a20
1 6 0 5a24
1 6 0 5a28
1 6 0 5a2c
1 6 0 5a30
1 6 0 5a34
1 6 0 5a38
1 6 0 5a3c
1 6 0 5a40
1 6 0 5a44
1 6 0 5a48
1 6 0 5a4c
1 6 0 5a50
1 6 0 5a54
1 6 0 5a58
1 6 0 5a5c
1 6 0 5a60
1 6 1 5a65
1 6 1 5a69
1 6 1 5a6d
1 6 1 5a71
1 6 1 5a75
1 6 1 5a79
1 6 1 5a7d
1 6 1 5a81
1 6 1 5a85
1 6 1 5a89
1 6 1 5a8d
1 6 1 5a91
1 6 1 5a95
1 6 1 5a99
1 6 1 5a9d
1 6 1 5aa1
1 6 1 5aa5
1 6 1 5aa9
1 6 1 5aad
1 6 1 5ab1
1 6 1 5ab5
1 6 1 5ab9
1 6 1 5abd
1 6 1 5ac1
1 6 2 5ac6
1 6 3 5acb
1 7 0 5ad4
1 7 0 5ad8
1 7 0 5adc
1 7 0 5ae0
1 7 0 5ae4
1 7 0 5ae8
1 7 0 5aec
1 7 0 5af0
1 7 0 5af4
1 7 0 5af8
1 7 0 5afc
1 7 0 5b00
1 7 0 5b04
1 7 0 5b08
1 7 0 5b0c
1 7 0 5b10
1 7 0 5b14
1 7 0 5b18
1 7 0 5b1c
1 7 0 5b20
1 7 0 5b24
1 7 0 5b28
1 7 0 5b2c
1 7 0 5b30
1 7 0 5b34
1 7 0 5b38
1 7 1 5b3d
1 7 1 5b41
1 7 1 5b45
1 7 1 5b49
1 7 1 5b4d
1 7 1 5b51
1 7 1 5b55
1 7 1 5b59
1 7 1 5b5d
1 7 1 5b61
1 7 1 5b65
1 7 1 5b69
1 7 1 5b6d
1 7 1 5b71
1 7 1 5b75
1 7 1 5b79
1 7 1 5b7d
1 7 1 5b81
1 7 1 5b85
1 7 1 5b89
1 7 1 5b8d
1 7 1 5b91
1 7 1 5b95
1 7 1 5b99
1 8 0 5ba2
1 8 0 5ba6
1 8 0 5baa
1 8 0 5bae
1 8 0 5bb2
1 8 0 5bb6
1 8 0 5bba
1 8 0 5bbe
1 8 0 5bc2
1 8 0 5bc6
1 8 0 5bca
1 8 0 5bce
1 8 0 5bd2
1 8 0 5bd6
1 8 0 5bda
1 8 0 5bde
1 8 0 5be2
1 8 0 5be6
1 8 0 5bea
1 8 0 5bee
1 8 0 5bf2
1 8 0 5bf6
1 8 0 5bfa
1 8 0 5bfe
1 8 0 5c02
1 8 1 5c07
1 8 1 5c0b
1 8 1 5c0f
1 8 1 5c13
1 8 1 5c17
1 8 1 5c1b
1 8 1 5c1f
1 8 1 5c23
1 8 1 5c27
1 8 1 5c2b
1 8 1 5c2f
1 8 1 5c33
1 8 1 5c37
1 8 1 5c3b
1 8 1 5c3f
1 8 1 5c43
1 8 1 5c47
1 8 1 5c4b
1 8 1 5c4f
1 8 1 5c53
1 9 0 5c60
1 9 0 5c64
1 9 0 5c68
1 9 0 5c6c
1 9 0 5c70
1 9 0 5c74
1 9 0 5c78
1 9 0 5c7c
1 9 0 5c80
1 9 0 5c84
1 9 0 5c88
1 9 0 5c8c
1 9 0 5c90
1 9 0 5c94
1 9 0 5c98
1 9 0 5c9c
1 9 0 5ca0
1 9 0 5ca4
1 9 0 5ca8
1 9 0 5cac
1 9 0 5cb0
1 9 0 5cb4
1 9 0 5cb8
1 9 0 5cbc
1 9 1 5cc1
1 9 1 5cc5
1 9 1 5cc9
1 9 1 5ccd
1 9 1 5cd1
1 9 1 5cd5
1 9 1 5cd9
1 9 2 5cde
1 9 3 5ce3
1 10 0 5f0e
1 10 0 5f12
1 10 0 5f16
1 10 0 5f1a
1 10 0 5f1e
1 10 0 5f22
1 10 0 5f26
1 10 0 5f2a
1 10 0 5f2e
1 10 0 5f32
1 10 0 5f36
1 10 0 5f3a
1 10 0 5f3e
1 10 0 5f42
1 10 0 5f46
1 10 0 5f4a
1 10 0 5f4e
1 10 0 5f52
1 10 0 5f56
1 10 0 5f5a
1 10 0 5f5e
1 10 0 5f62
1 10 1 5f67
1 10 1 5f6b
1 10 1 5f6f
1 10 1 5f73
1 10 1 5f77
1 10 1 5f7b
1 10 1 5f7f
1 10 1 5f83
1 10 1 5f87
1 10 1 5f8b
1 10 1 5f8f
1 10 1 5f93
1 10 1 5f97
1 10 1 5f9b
1 10 1 5f9f
1 10 1 5fa3
1 10 1 5fa7
1 10 1 5fab
1 10 1 5faf
1 10 1 5fb3
1 10 1 5fb7
1 10 1 5fbb
2 0 0 5ff4
2 0 0 5ff8
2 0 0 5ffc
2 0 0 6000
2 0 0 6004
2 0 0 6008
2 0 0 600c
2 0 0 6010
2 0 0 6014
2 0 1 6019
2 0 1 601d
2 0 1 6021
2 0 1 6025
2 0 1 6029
2 0 1 602d
2 0 1 6031
2 0 1 6035
2 0 1 6039
2 0 1 603d
2 0 2 6042
2 0 2 6046
2 0 2 604a
2 0 2 604e
2 0 2 6052
2 0 2 6056
2 0 2 605a
2 0 3 605f
2 0 3 6063
2 0 3 6067
2 0 3 606b
2 0 3 606f
2 0 3 6073
2 0 4 6078
2 0 4 607c
2 0 4 6080
2 0 4 6084
2 0 5 6089
2 0 5 608d
2 0 5 6091
2 0 5 6095
2 0 5 6099
2 0 6 6089
2 0 6 608d
2 0 6 6091
2 0 6 6095
2 0 6 6099
2 0 7 609e
2 0 7 60a2
2 0 7 60a6
2 0 7 60aa
2 0 7 60ae
2 0 8 60b3
2 0 8 60b7
2 0 8 60bb
2 0 8 60bf
2 0 8 60c3
2 0 8 60c7
2 0 8 60cb
2 0 8 60cf
2 0 8 60d3
2 0 8 60d7
2 0 8 60db
2 0 10 6143
2 0 10 6147
2 0 10 614b
2 0 10 614f
2 0 10 6153
2 0 10 6157
2 0 10 615b
2 0 10 615f
2 0 11 6164
2 0 11 6168
2 0 11 616c
2 0 11 6170
2 0 11 6174
2 0 11 6178
2 0 11 617c
2 0 11 6180
2 0 11 6184
2 0 11 6188
2 0 11 618c
2 0 11 6190
2 0 12 60e0
2 0 12 60e4
2 0 12 60e8
2 0 12 60ec
2 0 12 60f0
2 0 12 60f4
2 0 12 60f8
2 0 12 60fc
2 0 12 6100
2 0 12 6104
2 0 12 6108
2 0 12 610c
2 0 13 6111
2 0 13 6115
2 0 13 6119
2 0 13 611d
2 0 13 6121
2 0 13 6125
2 0 14 612a
2 0 14 612e
2 0 14 6132
2 0 14 6136
2 0 14 613a
2 0 14 613e
2 1 0 6078
2 1 0 607c
2 1 0 6080
2 1 0 6084
2 1 1 6089
2 1 1 608d
2 1 1 6091
2 1 1 6095
2 1 1 6099
2 1 2 6089
2 1 2 608d
2 1 2 6091
2 1 2 6095
2 1 2 6099
2 1 3 609e
2 1 3 60a2
2 1 3 60a6
2 1 3 60aa
2 1 3 60ae
2 1 4 60b3
2 1 4 60b7
2 1 4 60bb
2 1 4 60bf
2 1 4 60c3
2 1 4 60c7
2 1 4 60cb
2 1 4 60cf
2 1 4 60d3
2 1 4 60d7
2 1 4 60db
2 1 6 6143
2 1 6 6147
2 1 6 614b
2 1 6 614f
2 1 6 6153
2 1 6 6157
2 1 6 615b
2 1 6 615f
2 1 7 6164
2 1 7 6168
2 1 7 616c
2 1 7 6170
2 1 7 6174
2 1 7 6178
2 1 7 617c
2 1 7 6180
2 1 7 6184
2 1 7 6188
2 1 7 618c
2 1 7 6190
2 1 8 60e0
2 1 8 60e4
2 1 8 60e8
2 1 8 60ec
2 1 8 60f0
2 1 8 60f4
2 1 8 60f8
2 1 8 60fc
2 1 8 6100
2 1 8 6104
2 1 8 6108
2 1 8 610c
2 1 9 6111
2 1 9 6115
2 1 9 6119
2 1 9 611d
2 1 9 6121
2 1 9 6125
2 1 10 612a
2 1 10 612e
2 1 10 6132
2 1 10 6136
2 1 10 613a
2 1 10 613e
2 2 0 666a
2 2 0 666e
2 2 0 6672
2 2 0 6676
2 2 0 667a
2 2 1 667f
2 2 1 6683
2 2 1 6687
2 2 1 668b
2 2 1 668f
2 2 1 6693
2 2 1 6697
2 2 1 669b
2 2 1 669f
2 2 1 66a3
2 2 1 66a7
2 2 1 66ab
2 2 2 66b0
2 2 2 66b4
2 2 2 66b8
2 2 2 66bc
2 2 2 66c0
2 2 2 66c4
2 2 2 66c8
2 2 2 66cc
2 2 3 66d1
2 2 3 66d5
2 2 3 66d9
2 2 3 66dd
2 2 3 66e1
2 2 3 66e5
2 2 3 66e9
2 2 4 66ee
2 2 4 66f2
2 2 4 66f6
2 2 4 66fa
2 2 4 66fe
2 2 5 6703
2 2 5 6707
2 2 5 670b
2 2 5 670f
2 2 5 6713
2 2 5 6717
2 2 5 671b
2 2 5 671f
2 2 5 6723
2 2 5 6727
2 2 5 672b
2 2 5 672f
2 2 6 6734
2 2 6 6738
2 2 6 673c
2 2 6 6740
2 2 6 6744
2 2 7 6749
2 2 7 674d
2 2 7 6751
2 2 7 6755
2 2 7 6759
2 2 7 675d
2 2 7 6761
2 2 7 6765
2 2 7 6769
2 2 7 676d
2 2 7 6771
2 3 0 667f
2 3 0 6683
2 3 0 6687
2 3 0 668b
2 3 0 668f
2 3 0 6693
2 3 0 6697
2 3 0 669b
2 3 0 669f
2 3 0 66a3
2 3 0 66a7
2 3 0 66ab
2 3 1 66b0
2 3 1 66b4
2 3 1 66b8
2 3 1 66bc
2 3 1 66c0
2 3 1 66c4
2 3 1 66c8
2 3 1 66cc
2 3 2 66d1
2 3 2 66d5
2 3 2 66d9
2 3 2 66dd
2 3 2 66e1
2 3 2 66e5
2 3 2 66e9
2 3 3 66ee
2 3 3 66f2
2 3 3 66f6
2 3 3 66fa
2 3 3 66fe
2 3 4 6703
2 3 4 6707
2 3 4 670b
2 3 4 670f
2 3 4 6713
2 3 4 6717
2 3 4 671b
2 3 4 671f
2 3 4 6723
2 3 4 6727
2 3 4 672b
2 3 4 672f
2 3 5 6734
2 3 5 6738
2 3 5 673c
2 3 5 6740
2 3 5 6744
2 3 6 6749
2 3 6 674d
2 3 6 6751
2 3 6 6755
2 3 6 6759
2 3 6 675d
2 3 6 6761
2 3 6 6765
2 3 6 6769
2 3 6 676d
2 3 6 6771
2 4 0 6703
2 4 0 6707
2 4 0 670b
2 4 0 670f
2 4 0 6713
2 4 0 6717
2 4 0 671b
2 4 0 671f
2 4 0 6723
2 4 0 6727
2 4 0 672b
2 4 0 672f
2 4 1 6734
2 4 1 6738
2 4 1 673c
2 4 1 6740
2 4 1 6744
2 4 2 6749
2 4 2 674d
2 4 2 6751
2 4 2 6755
2 4 2 6759
2 4 2 675d
2 4 2 6761
2 4 2 6765
2 4 2 6769
2 4 2 676d
2 4 2 6771
2 5 0 6749
2 5 0 674d
2 5 0 6751
2 5 0 6755
2 5 0 6759
2 5 0 675d
2 5 0 6761
2 5 0 6765
2 5 0 6769
2 5 0 676d
2 5 0 6771
2 6 0 6089
2 6 0 608d
2 6 0 6091
2 6 0 6095
2 6 0 6099
2 6 1 6089
2 6 1 608d
2 6 1 6091
2 6 1 6095
2 6 1 6099
2 6 2 609e
2 6 2 60a2
2 6 2 60a6
2 6 2 60aa
2 6 2 60ae
2 6 3 60b3
2 6 3 60b7
2 6 3 60bb
2 6 3 60bf
2 6 3 60c3
2 6 3 60c7
2 6 3 60cb
2 6 3 60cf
2 6 3 60d3
2 6 3 60d7
2 6 3 60db
2 6 5 6143
2 6 5 6147
2 6 5 614b
2 6 5 614f
2 6 5 6153
2 6 5 6157
2 6 5 615b
2 6 5 615f
2 6 6 6164
2 6 6 6168
2 6 6 616c
2 6 6 6170
2 6 6 6174
2 6 6 6178
2 6 6 617c
2 6 6 6180
2 6 6 6184
2 6 6 6188
2 6 6 618c
2 6 6 6190
2 6 7 60e0
2 6 7 60e4
2 6 7 60e8
2 6 7 60ec
2 6 7 60f0
2 6 7 60f4
2 6 7 60f8
2 6 7 60fc
2 6 7 6100
2 6 7 6104
2 6 7 6108
2 6 7 610c
2 6 8 6111
2 6 8 6115
2 6 8 6119
2 6 8 611d
2 6 8 6121
2 6 8 6125
2 6 9 612a
2 6 9 612e
2 6 9 6132
2 6 9 6136
2 6 9 613a
2 6 9 613e
2 7 0 6089
2 7 0 608d
2 7 0 6091
2 7 0 6095
2 7 0 6099
2 7 1 609e
2 7 1 60a2
2 7 1 60a6
2 7 1 60aa
2 7 1 60ae
2 7 2 60b3
2 7 2 60b7
2 7 2 60bb
2 7 2 60bf
2 7 2 60c3
2 7 2 60c7
2 7 2 60cb
2 7 2 60cf
2 7 2 60d3
2 7 2 60d7
2 7 2 60db
2 7 4 6143
2 7 4 6147
2 7 4 614b
2 7 4 614f
2 7 4 6153
2 7 4 6157
2 7 4 615b
2 7 4 615f
2 7 5 6164
2 7 5 6168
2 7 5 616c
2 7 5 6170
2 7 5 6174
2 7 5 6178
2 7 5 617c
2 7 5 6180
2 7 5 6184
2 7 5 6188
2 7 5 618c
2 7 5 6190
2 7 6 60e0
2 7 6 60e4
2 7 6 60e8
2 7 6 60ec
2 7 6 60f0
2 7 6 60f4
2 7 6 60f8
2 7 6 60fc
2 7 6 6100
2 7 6 6104
2 7 6 6108
2 7 6 610c
2 7 7 6111
2 7 7 6115
2 7 7 6119
2 7 7 611d
2 7 7 6121
2 7 7 6125
2 7 8 612a
2 7 8 612e
2 7 8 6132
2 7 8 6136
2 7 8 613a
2 7 8 613e
2 8 0 60e0
2 8 0 60e4
2 8 0 60e8
2 8 0 60ec
2 8 0 60f0
2 8 0 60f4
2 8 0 60f8
2 8 0 60fc
2 8 0 6100
2 8 0 6104
2 8 0 6108
2 8 0 610c
2 8 1 6111
2 8 1 6115
2 8 1 6119
2 8 1 611d
2 8 1 6121
2 8 1 6125
2 8 2 612a
2 8 2 612e
2 8 2 6132
2 8 2 6136
2 8 2 613a
2 8 2 613e
2 9 1 6143
2 9 1 6147
2 9 1 614b
2 9 1 614f
2 9 1 6153
2 9 1 6157
2 9 1 615b
2 9 1 615f
2 9 2 6164
2 9 2 6168
2 9 2 616c
2 9 2 6170
2 9 2 6174
2 9 2 6178
2 9 2 617c
2 9 2 6180
2 9 2 6184
2 9 2 6188
2 9 2 618c
2 9 2 6190
2 9 3 60e0
2 9 3 60e4
2 9 3 60e8
2 9 3 60ec
2 9 3 60f0
2 9 3 60f4
2 9 3 60f8
2 9 3 60fc
2 9 3 6100
2 9 3 6104
2 9 3 6108
2 9 3 610c
2 9 4 6111
2 9 4 6115
2 9 4 6119
2 9 4 611d
2 9 4 6121
2 9 4 6125
2 9 5 612a
2 9 5 612e
2 9 5 6132
2 9 5 6136
2 9 5 613a
2 9 5 613e
3 0 0 6f32
3 0 0 6f36
3 0 0 6f3a
3 0 0 6f3e
3 0 0 6f42
3 0 0 6f46
3 0 0 6f4a
3 0 0 6f4e
3 0 0 6f52
3 0 0 6f56
3 0 1 6f5b
3 0 1 6f5f
3 0 1 6f63
3 0 1 6f67
3 0 1 6f6b
3 0 1 6f6f
3 0 1 6f73
3 0 1 6f77
3 0 1 6f7b
3 0 1 6f7f
3 0 1 6f83
3 0 2 6f88
3 0 2 6f8c
3 0 2 6f90
3 0 2 6f94
3 0 2 6f98
3 0 2 6f9c
3 0 2 6fa0
3 0 2 6fa4
3 0 2 6fa8
3 0 2 6fac
3 0 2 6fb0
3 0 2 6fb4
3 0 2 6fb8
3 0 2 6fbc
3 0 3 6fc1
3 0 3 6fc5
3 0 3 6fc9
3 0 3 6fcd
3 0 3 6fd1
3 0 3 6fd5
3 0 3 6fd9
3 0 4 6fde
3 0 4 6fe2
3 0 4 6fe6
3 0 4 6fea
3 0 4 6fee
3 0 5 6ff3
3 0 5 6ff7
3 0 5 6ffb
3 0 5 6fff
3 1 0 6f88
3 1 0 6f8c
3 1 0 6f90
3 1 0 6f94
3 1 0 6f98
3 1 0 6f9c
3 1 0 6fa0
3 1 0 6fa4
3 1 0 6fa8
3 1 0 6fac
3 1 0 6fb0
3 1 0 6fb4
3 1 0 6fb8
3 1 0 6fbc
3 1 1 6fc1
3 1 1 6fc5
3 1 1 6fc9
3 1 1 6fcd
3 1 1 6fd1
3 1 1 6fd5
3 1 1 6fd9
3 1 2 6fde
3 1 2 6fe2
3 1 2 6fe6
3 1 2 6fea
3 1 2 6fee
3 1 3 6ff3
3 1 3 6ff7
3 1 3 6ffb
3 1 3 6fff
3 2 0 6fc1
3 2 0 6fc5
3 2 0 6fc9
3 2 0 6fcd
3 2 0 6fd1
3 2 0 6fd5
3 2 0 6fd9
3 2 1 6fde
3 2 1 6fe2
3 2 1 6fe6
3 2 1 6fea
3 2 1 6fee
3 2 2 6ff3
3 2 2 6ff7
3 2 2 6ffb
3 2 2 6fff
3 3 0 722b
3 3 0 722f
3 3 0 7233
3 3 0 7237
3 3 0 723b
3 3 0 723f
3 3 0 7243
3 3 0 7247
3 3 0 724b
3 3 0 724f
3 3 1 7254
3 3 1 7258
3 3 1 725c
3 3 1 7260
3 3 1 7264
3 3 1 7268
3 3 1 726c
3 3 1 7270
3 3 1 7274
3 3 1 7278
3 3 1 727c
3 3 1 7280
3 3 1 7284
3 3 1 7288
3 3 2 728d
3 3 2 7291
3 3 2 7295
3 3 2 7299
3 3 2 729d
3 3 2 72a1
3 3 2 72a5
3 3 2 72a9
3 3 2 72ad
3 3 2 72b1
3 3 2 72b5
3 3 2 72b9
3 3 2 72bd
3 3 2 72c1
3 3 2 72c5
3 3 2 72c9
3 3 2 72cd
3 3 2 72d1
3 3 2 72d5
3 3 2 72d9
3 3 2 72dd
3 3 2 72e1
3 3 2 72e5
3 3 2 72e9
3 3 2 72ed
3 4 0 6ff3
3 4 0 6ff7
3 4 0 6ffb
3 4 0 6fff
4 0 0 684f
4 0 0 6853
4 0 0 6857
4 0 0 685b
4 0 0 685f
4 0 0 6863
4 0 0 6867
4 0 0 686b
4 0 0 686f
4 0 1 6874
4 0 1 6878
4 0 1 687c
4 0 1 6880
4 0 1 6884
4 0 1 6888
4 0 1 688c
4 0 1 6890
4 0 3 6895
4 0 3 6899
4 0 3 689d
4 0 3 68a1
4 0 3 68a5
4 0 3 68a9
4 0 3 68ad
4 0 3 68b1
4 0 3 68b5
4 0 4 68ba
4 0 4 68be
4 0 4 68c2
4 0 4 68c6
4 0 4 68ca
4 0 4 68ce
4 0 4 68d2
4 0 4 68d6
4 0 4 68da
4 0 4 68de
4 0 5 68e3
4 0 5 68e7
4 0 5 68eb
4 0 5 68ef
4 0 5 68f3
4 0 5 68f7
4 0 5 68fb
4 0 5 68ff
4 0 5 6903
4 1 1 6895
4 1 1 6899
4 1 1 689d
4 1 1 68a1
4 1 1 68a5
4 1 1 68a9
4 1 1 68ad
4 1 1 68b1
4 1 1 68b5
4 1 2 68ba
4 1 2 68be
4 1 2 68c2
4 1 2 68c6
4 1 2 68ca
4 1 2 68ce
4 1 2 68d2
4 1 2 68d6
4 1 2 68da
4 1 2 68de
4 1 3 68e3
4 1 3 68e7
4 1 3 68eb
4 1 3 68ef
4 1 3 68f3
4 1 3 68f7
4 1 3 68fb
4 1 3 68ff
4 1 3 6903
4 2 0 68ba
4 2 0 68be
4 2 0 68c2
4 2 0 68c6
4 2 0 68ca
4 2 0 68ce
4 2 0 68d2
4 2 0 68d6
4 2 0 68da
4 2 0 68de
4 2 1 68e3
4 2 1 68e7
4 2 1 68eb
4 2 1 68ef
4 2 1 68f3
4 2 1 68f7
4 2 1 68fb
4 2 1 68ff
4 2 1 6903
4 3 0 68e3
4 3 0 68e7
4 3 0 68eb
4 3 0 68ef
4 3 0 68f3
4 3 0 68f7
4 3 0 68fb
4 3 0 68ff
4 3 0 6903
